,Id,Front,Left,Rear,Right
0,2c9180975a056a64015a1e10d3f270fe,0.9938357672578874,0.0002122218601545431,0.0018991745691916916,0.004052836312765957
1,2c9180975a056a64015a1de4deb16bdc,0.9968148458000183,0.0005233031919152717,0.0004680299181399009,0.00219382108992791
2,2c9180975a056a64015a1e0e70ea70ce,0.9967572079427972,0.0003539869209707875,0.0010764871720586168,0.0018123179641742952
3,2c9180975a056a64015a1dfed0c46ec6,0.9972412551929125,0.00036861993896437776,0.0008476399865505439,0.0015424848815735
4,2c9180975a056a64015a1dfed0c46ec7,0.9976655162611223,0.0005992230420131785,0.00040878085315087495,0.0013264798437157598
5,2c9180975a056a64015a1e44ba4377f8,0.015533581641728945,0.001589944617503127,0.858556210069699,0.12432026367106931
6,2c9180975a056a64015a1e010c8f6ee1,0.9973214176866741,0.0005545053558311933,0.0004666281101053488,0.001657448847390676
7,2c9180975a056a64015a1e1db63072aa,0.9879804001809462,0.0002666250359061233,0.0043203826450091,0.007432592138140278
8,2c9180975a056a64015a1e1db63072a8,0.00019133760007661736,0.0017579142058529614,0.9976884052366127,0.00036234295745743927
9,2c9180975a056a64015a1e2354f5733c,0.00015785506358984033,0.001094455681865904,0.998579168160336,0.00016852109420890528
10,2c9180975a056a64015a1e07928f6ff8,0.9981042852289396,0.00047068948756926447,5.512316834775563e-05,0.0013699021151437987
11,2c9180975a056a64015a1e20a607730a,0.9978410719793309,0.0006108240633323033,0.0004069994213526536,0.001141104535985906
12,2c9180975a056a64015a1e3322e37587,0.007610234316402001,0.06942004222237574,0.9218347482241547,0.001134975237068138
13,2c9180975a056a64015a1e050c296fcd,0.9969859094608247,0.0003865086349766206,0.0008758866094693,0.0017516952947306515
14,2c9180975a056a64015a1e050c296fcf,0.9968147087519745,0.0003896134014349519,0.001012546122222928,0.0017831317243690251
15,2c9180975a056a64015a1e04ad9f6f84,0.000196131213521691,0.004888600382922849,0.9945702222476485,0.00034504615590743074
16,2c9180975a056a64015a1de7a19c6c2b,0.9937858005424421,0.00021321472785783562,0.0019095202809383408,0.004091464448761184
17,2c9180975a056a64015a1e1180a37123,0.00015757666527328122,0.001235422866302019,0.9984227686369238,0.00018423183150131833
18,2c9180975a056a64015a1e1d735c729b,0.9960901782591446,0.0006359613696774299,0.00042606313706194395,0.0028477972341168435
19,2c9180975a056a64015a1e1d735c729c,0.00017704506081552124,0.0032156384387104662,0.9963418992288691,0.0002654172716058578
20,2c9180975a056a64015a1e41bbc27765,0.9749631667245607,0.0016624816627417945,0.00221990973906257,0.021154441873636323
21,2c9180975a056a64015a1e41bbc2775e,0.9927142280716476,0.00048297791755626404,0.0022989459628118595,0.0045038480479861
22,2c9180975a056a64015a1ddc1a306b28,0.00016996204021079139,0.0013596216421311105,0.9982756143842043,0.0001948019334541464
23,2c9180975a056a64015a1de453e96baf,0.9974881580129157,0.0006408346199756764,0.0004174665316238933,0.0014535408354870256
24,2c9180975a056a64015a1e264d5f73c0,0.9971555095826735,0.0003743074630608535,0.0008768626292260154,0.0015933203250406475
25,2c9180975a056a64015a1e23443e7337,0.9970087456328145,0.0005187775783202417,0.00043664439499232165,0.002035832393874634
26,2c9180975a056a64015a1dce7ac869b5,0.00017398170273512863,0.001261167005941805,0.9983744971598478,0.00019035413147570887
27,2c9180975a056a64015a1e35cd3175a7,0.00016587280889454007,0.0013038945171028687,0.998332059620365,0.0001981730536378603
28,2c9180975a056a64015a1de210cb6b96,0.9971615706829842,0.0003608521189772279,0.0009175845605083144,0.0015599926375311074
29,2c9180975a056a64015a1de210cb6b95,0.007549452498916313,0.00870361842795099,0.9835541167352839,0.00019281233784819982
30,2c9180975a056a64015a1e041ed06f68,0.00017118637012062234,0.0008404065799006518,0.9988651664128825,0.00012324063709673994
31,2c9180975a056a64015a1e075da56ff2,0.9978016846558563,0.0006100682775318984,0.00040257177797749396,0.0011856752886359359
32,2c9180975a056a64015a1dedca666cb1,0.00019694037649564902,0.0016470905042724876,0.9979130811519601,0.00024288796727180425
33,2c9180975a056a64015a1e304546752a,0.9970989824409969,0.0003706830256065476,0.0008811869049440984,0.0016491476284537466
34,2c9180975a056a64015a1dedca666cb2,0.9970595317610815,0.0004367188670129203,0.0003144537073668362,0.0021892956645391303
35,2c9180975a056a64015a1dee86696cd8,0.1744869434261168,0.0,0.007480936170804157,0.8180321204030787
36,2c9180975a056a64015a1e01db306f4a,0.008897977663035413,0.00720628532686711,0.9837545218698645,0.00014121514023286054
37,2c9180975a056a64015a1dd566ae6a82,0.9971617595363633,0.0003608676129583104,0.0009256461575583373,0.001551726693120807
38,2c9180975a056a64015a1dee5d166cd0,0.9978505602040385,0.000578265151966301,0.0004041731776240461,0.0011670014663728995
39,2c9180975a056a64015a1dd566ae6a83,0.0001647551634057288,0.001320635378709999,0.9983155013757681,0.00019910808211637024
40,2c9180975a056a64015a1dfb2f626e41,0.997151213586669,0.0003937884896007069,0.0002870840426025147,0.0021679138811277047
41,2c91809a59f17e5d015a21a5627830e0,0.00015591179989213837,0.0012509346532303543,0.9984025542889909,0.00019059925788708743
42,2c91809a59f17e5d015a21a7f5093117,0.9836098537216622,0.0006109269231933878,0.0034011898168562773,0.012378029538290019
43,2c91809a59f17e5d015a21a7f5093121,0.005836380966702213,0.004531375304687468,0.9894978866271774,0.00013435710143240896
44,2c9180975a056a64015a1e4c3a11791f,0.9975165481251012,0.00040091426352511584,0.00019921220154054477,0.001883325409833037
45,2c9180975a056a64015a1e4c3a117920,0.00936616271485842,0.011612361157661346,0.9788975658443246,0.00012391028315613133
46,2c9180975a056a64015a1e1433667153,0.008889514555315739,0.005008608807225684,0.9859871940571259,0.00011468258033252429
47,2c9180975a056a64015a1ddb8a456b05,0.9935977325521528,0.0007128660360291137,0.0005171404524725153,0.005172260959346112
48,2c9180975a056a64015a1df0d6066cf4,0.0001597518807137716,0.0012090760403261948,0.9984454911687108,0.00018568091024986184
49,2c9180975a056a64015a1e074c876fef,0.9970201443847443,0.000503307987823177,0.0004183969232095146,0.0020581507042243957
50,2c9180975a056a64015a1dc26fe66863,0.008880855652712571,0.01316921844163562,0.9778792298481225,7.069605752963763e-05
51,2c9180975a056a64015a1e074c876fed,0.9974079899283808,0.0005759454891540171,0.0004262804061549493,0.0015897841763121375
52,2c9180975a056a64015a1e5b850e7ae3,0.9975472591527794,0.0005824880479530496,0.00043727828848363274,0.0014329745107859527
53,2c9180975a056a64015a1e5b850e7ae1,0.9972136883480338,0.00042236162850982324,0.0002960864068127327,0.0020678636166440306
54,2c91809e5aba7d25015acd6875ca209b,0.9972336563201483,0.0003657053224509302,0.0008528346419667703,0.0015478037154349497
55,2c91809e5aba7d25015acd44a99d1e9f,0.9978698539562182,0.0005669562925958559,0.0004083601331973783,0.0011548296179898505
56,2c9180a35b853b13015b8b8c25f75369,0.00018449630215323259,0.001456292844552064,0.9980358328658399,0.00032337798745502066
57,2c9180935b853a2d015b8b9b42525153,0.00020237890940777586,0.003087112618094101,0.996432959641643,0.0002775488308563186
58,2c91808e5aba7da4015acd3f993557d4,0.00020237890940777586,0.003087112618094101,0.996432959641643,0.0002775488308563186
59,2c91808e5aba7da4015acd3f655a57be,0.9978417261531971,0.0005784786733082064,0.00042409670823836845,0.001155698465257899
60,2c9180ad5b853aa1015b8b82f7725436,0.996706341595521,0.00046149159931475246,0.0003803625080553486,0.002451804297109844
61,2c9180975a056a64015a1e5865077a5e,0.0006060310337464267,0.004538335711314808,0.9928808361292134,0.001974797125725334
62,2c9180975a056a64015a1e44cfea77fd,0.9877904259396161,0.0002492825945114145,0.0038611231490592378,0.008099168316814682
63,2c9180975a056a64015a1e5ed1d57b22,0.9961477196860631,0.0005497844725281193,0.000473277461870293,0.0028292183795392287
64,2c9180975a056a64015a1e5ed1d57b21,0.00016494588444250423,0.0012983979816318348,0.9983430389451066,0.00019361718881972641
65,2c91809a59f17e5d015a219e78d93061,0.99710565170551,0.0004636287572476033,0.0003542758954471298,0.0020764436417959917
66,2c91809a59f17e5d015a219e78d93060,0.00017976784839702793,0.0032713608799266234,0.996313571223942,0.00023530004773513773
67,2c91809a59f17e5d015a21bde7a934f0,0.00021847980283287252,0.00282625391235425,0.996580186445527,0.0003750798392865967
68,2c91809a59f17e5d015a21bde7a934ef,0.00017569916227662348,0.0014524515038992602,0.9981401139667173,0.0002317353671071915
69,2c91809a59f17e5d015a21bde7a934f4,0.9878329171746123,0.0010880372356794955,0.0005167991210324048,0.010562246468677382
70,2c9180975a056a64015a1e6ed9d67c45,0.9979157686866912,0.0006131834275871187,5.2073075531876205e-05,0.0014189748101903108
71,2c9180975a056a64015a1e4849057896,0.007980649314789867,0.005203978530925597,0.9866973986011283,0.00011797355315583553
72,2c9180975a056a64015a1e4849057895,0.9976392524616506,0.0006040864097610545,6.261968936415427e-05,0.0016940414392246795
73,2c91809a59f17e5d015a21a830a03132,0.00021987256049303965,0.0029039008373855026,0.9965063013378396,0.0003699252642822592
74,2c9180975a056a64015a1e6ed9d67c4d,0.9974569911942376,0.00039623379801719964,0.0001975635920162328,0.0019492114157287905
75,2c91809659f86230015a08b10bc66c48,0.997416055582747,0.0006149513160880201,0.0004545064456698588,0.0015144866554968415
76,2c91809659f86230015a0a1559e12a1e,0.9954942176708086,0.0025735206283488818,0.0004176474619943902,0.0015146142388500427
77,2c91809659f86230015a0811d9775e26,0.9002713810593118,0.002043271545532552,0.009704014278107895,0.08798133311704794
78,2c91809659f86230015a08cf83396eca,0.9964363124014928,0.00045420864981542396,0.00029599802278155177,0.0028134809259106387
79,2c91809659f86230015a0886ce2a6829,0.996710069798386,0.0005011462303936334,0.0004548551988360064,0.00233392877238545
80,2c91809659f86230015a08cf83396ec5,0.9966860210620625,0.0004570056283801177,0.0003802930894282231,0.002476680220129918
81,2c91809659f86230015a0864733f652c,0.010202341346218249,0.004288635448003171,0.9853976205648208,0.00011140264095769209
82,2c91809659f86230015a0841dafc621a,0.9970960045527534,0.00045307179666098966,0.0003363385245812044,0.002114585126005215
83,2c91809659f86230015a0864733f652a,0.0001554784619103922,0.0012134189782384073,0.998436758437587,0.0001943441222645898
84,2c91808d5aba7da4015acde018f764b2,0.9872672759760117,0.00019586322524368208,0.0021328898780938604,0.010403970920650341
85,2c91808d5aba7da4015acde018f764af,0.00016375142270700111,0.0016332472395861057,0.9979936675962491,0.00020933374145798637
86,2c91808e5aba7da4015acdba35e15e7d,0.00015648218547279088,0.0013505626397578296,0.9983019572106662,0.0001909979641036804
87,2c91808e5aba7da4015acdea5abc617e,0.9969853616884179,0.00037326350280666694,0.0010748557895345675,0.0015665190192416807
88,2c9180845aba7d30015acdbd097004e6,0.9935036885779017,0.00043661841626970214,0.0017027196721960812,0.004356973333634437
89,2c91808d5aba7da4015acdaa928a6136,0.00018285012449987214,0.0009355736069829601,0.9987411451179546,0.0001404311505629182
90,2c91808e5aba7da4015acd7e578b5afa,0.0005630555069359492,0.0029839791511105896,0.9949312622168694,0.0015217031250837185
91,2c91808d5aba7da4015acd8d91465f64,0.005991300122030456,0.004640044893346899,0.9892108354141752,0.00015781957044752013
92,2c91808d5aba7da4015acd8d91465f61,0.9845313292700228,0.0006251462976301261,0.0033045876089995213,0.011538936823349841
93,2c91808e5aba7da4015acd7e578b5afd,0.9965567898155215,0.00038318253549643884,0.0011397147848845987,0.0019203128640989545
94,2c91808e5aba7da4015acd9760c15c1b,0.9970514747099024,0.000494438765372712,0.00037971222615229116,0.0020743742985740157
95,2c91808e5aba7da4015acd9760c15c1a,0.0001686697389924924,0.0015884877758171058,0.9979886677017578,0.0002541747834328907
96,2c9180845aba7d30015acde7e47f06a4,0.997123157414333,0.00036041783293040594,0.0009318410172982546,0.0015845837354394744
97,2c91808e5aba7da4015acde2207160e7,0.9884011372545477,0.001300339549594044,0.0028510739561818294,0.0074474492396784725
98,2c91808e5aba7da4015acde486e76119,0.9970659539890004,0.0003723061873549882,0.000915579821941197,0.0016461600017044073
99,2c91808e5aba7da4015acde2207160e8,0.004592481334140582,0.008801102355490024,0.9862309739663603,0.00037544234400985546
100,2c91808e5aba7da4015acddff6ac60c5,0.9934526060254569,0.00022887829568071696,0.0020828671549789615,0.004235648523882872
101,2c9180845aba7d30015acde7e47f06aa,0.005836483881137159,0.005141191336044854,0.9888033623781086,0.0002189624047098755
102,2c91808d5aba7da4015acdec7849655c,0.9938445928982997,0.00021389578843700963,0.001920043736396085,0.004021467576866916
103,2c9180975a056a64015a1e4e95a97945,0.0001815948423512969,0.0025060530144172853,0.9970702169215455,0.0002421352216869552
104,2c9180975a056a64015a1e62a6f57b6d,0.996958393620681,0.0005050687277968958,0.00041532811299169485,0.0021212095385315034
105,2c9180975a056a64015a1e62a6f57b6e,0.007597059378111763,0.004435497360855628,0.9878574072739775,0.00011003598705497343
106,2c9180975a056a64015a1e44fa15781d,0.9970597602246128,0.00039973689711418576,0.00023331763243863177,0.0023071852458340053
107,2c9180975a056a64015a1e3f26a47717,0.9971642279972525,0.000535006830049899,0.0004754294095549,0.0018253357631439753
108,2c9180975a056a64015a1e58d40e7aa8,0.005393000573972891,0.012969078471444326,0.9814238107056631,0.00021411024892020015
109,2c9180975a056a64015a1e44e95b7800,0.8744315673279792,0.0016189881016893813,0.005238690366285648,0.11871075420404723
110,2c9180975a056a64015a1e44e95b7808,0.8583910846105169,0.002027061668316126,0.004845338446053368,0.134736515275113
111,2c9180975a056a64015a1e44e95b780f,0.9971597062608353,0.00035766897416674906,0.0008639095494911803,0.0016187152155079552
112,2c91808e5aba7da4015acd4229d357fe,0.007469260580337555,0.011341748927910417,0.9808519962947396,0.0003369941970116428
113,2c91809e5aba7d25015acdc01e892881,0.0008471269529391934,0.0048310801436604565,0.9930478970565592,0.001273895846842352
114,2c91808e5aba7da4015acd3f655a57c2,0.00017004155517904903,0.001368967697604124,0.9982424487177199,0.0002185420294970309
115,2c91809e5aba7d25015acd47c6251ed2,0.00027558228608452393,0.0033312835315287763,0.9961623809111476,0.00023075327123931496
116,2c9180ad5b853aa1015b8b5aeef751bd,0.9975791257606637,0.0006281987099453346,0.00040345784469639196,0.0013892176846958728
117,2c91809e5aba7d25015acd49fc7b1f01,0.9965792032863569,0.0003860787294448358,0.0010849089914282601,0.0019498089927709739
118,2c91808e5aba7da4015acd2dfdd056ff,0.00019187701806715166,0.003119054219210343,0.9965012842427189,0.00018778452000506733
119,2c9180a35b853b13015b8b57334a5047,0.39243606298006006,0.0,0.011738408918120303,0.5958255281018208
120,2c9180935b853a2d015b8b60875a4cef,0.7188534433538859,0.23694221877386132,0.04370335676185861,0.000500981110395091
121,2c91809e5aba7d25015acdc01e892888,0.9238885234468341,0.005968870479975136,0.002234419712612175,0.06790818636057962
122,2c91808d5aba7da4015acd47ee815caa,0.00022114541729835588,0.007366373362211835,0.9920299720735344,0.00038250914695658195
123,2c9180845aba7d30015acdc866670576,0.028445174507271586,0.0014669549959632714,0.3887347597021181,0.5813531107946469
124,2c91808d5aba7da4015acd47ee815ca0,0.9347984852727266,0.05027204577056063,0.014158024801458247,0.0007714441552549576
125,2c9180ad5b853aa1015b8c0df5d85bf3,0.0679644605564336,0.0005065271646529586,0.1918904974428745,0.739638514836039
126,2c9180ad5b853aa1015b8c0df5d85bf8,0.9971286155623615,0.0004896923701464838,0.00034456598512295285,0.0020371260823697137
127,2c91808e5aba7da4015acd5409db58f7,0.6726117362152972,0.0008734214929356928,0.00555337722030597,0.3209614650714613
128,2c9180935b853a2d015b8bd0b96954a9,0.9970389819576788,0.0005133802761724356,0.0004224744653664529,0.002025163300783792
129,2c91808e5aba7da4015acd9f8e0d5c94,0.0002039108928935089,0.004015253134887576,0.9954298266793499,0.00035100929286972706
130,2c9180ad5b853aa1015b8b69c6a95289,0.9914357219684744,0.0032118014461078336,0.0005006967573602613,0.004851779828059373
131,2c91809e5aba7d25015acd4d0d041f3f,0.9967923785096466,0.0003915096196800378,0.0009974998394804348,0.0018186120311944394
132,2c9180ad5b853aa1015b8b69c6a95292,0.00021662347163720183,0.002929780564445949,0.996470632822911,0.0003829631410065703
133,2c91809e5aba7d25015acd4d0d041f3c,0.004966959036879293,0.0072866440225229255,0.987461137370669,0.00028525956992938206
134,2c9180845aba7d30015acd5c653c00d9,0.006659861420086944,0.015491327945885525,0.9773571083993369,0.0004917022346907946
135,2c9180ad5b853aa1015b8b9bfc775648,0.006659861420086944,0.015491327945885525,0.9773571083993369,0.0004917022346907946
136,2c9180a35b853b13015b8b725f9851ce,0.00016635753512867036,0.0017543272520277728,0.9978250202430665,0.0002542949697774755
137,2c9180845aba7d30015acd5c653c00be,0.997689518262393,0.0007447512792075148,0.0004027285731544195,0.0011630018852468455
138,2c91808e5aba7da4015acd44d6df5829,0.0007935214793606512,0.005043145046731378,0.9924621136238312,0.0017012198500778286
139,2c9180935b853a2d015b8b9a210c513c,0.00016375515849570118,0.0013194680445365397,0.9983175211637113,0.0001992556332568018
140,2c91808e5aba7da4015acd44d6df5823,0.00016375515849570118,0.0013194680445365397,0.9983175211637113,0.0001992556332568018
141,2c9180935b853a2d015b920353111f7c,0.005444457723975111,0.005976859841242409,0.9884072427359748,0.00017143969880750487
142,2c91808d5aba7da4015acd4aac205ccd,0.9974622436783405,0.0006121636535984438,0.0004247517079970295,0.0015008409600654692
143,2c9180935b853a2d015b8b65c9ab4d46,0.995741829070666,0.0003178899202229522,0.0011866105992501543,0.002753670409861069
144,2c91808d5aba7da4015acd4d46cd5d15,0.9977585633316193,0.0006160245483517655,0.00040291432295887675,0.0012224977970720114
145,2c91808e5aba7da4015acd4a1b465873,0.00535762954973476,0.005912425062285829,0.9885492941267271,0.00018065126125187968
146,2c91808d5aba7da4015acd473c315c7a,0.00020158512807550366,0.005742889951906408,0.9937281418547976,0.0003273830652214694
147,2c9180935b853a2d015b8b5c6a6f4cbd,0.9974558462822436,0.00035782629096395513,0.0002348557995846999,0.0019514716272078859
148,2c91808d5aba7da4015acd473c315c7d,0.9970574222882548,0.0005259952162165426,0.00047948597543226906,0.0019370965200982472
149,2c91808d5aba7da4015acda20ef360a5,0.9986524211711723,0.0004048808662598471,2.1230602930235833e-05,0.0009214673596380389
150,2c91808d5aba7da4015acdb8ac7b61d7,0.92205686057153,0.00010530522605818435,0.003465503212108205,0.0743723309903029
151,2c91808d5aba7da4015acdb8ac7b61d6,0.9952034244737619,0.00028688178937638317,0.0011665046316830783,0.0033431891051798144
152,2c91808e5aba7da4015acd5a21f15954,0.9978370214522243,0.000588337745436766,0.0004058824043821378,0.0011687583979582024
153,2c91808e5aba7da4015acd4cd5795897,0.9840406506589365,0.0002935902661259058,0.0038472606204841744,0.011818498454454457
154,2c9180a35b853b13015b8b5b03f15063,0.9840406506589365,0.0002935902661259058,0.0038472606204841744,0.011818498454454457
155,2c9180845aba7d30015acdc5b2610540,0.006824173784475976,0.006848579662220646,0.9861297350913046,0.00019751146199884067
156,2c91808d5aba7da4015acdb8ac7b61cd,0.9971056062741688,0.0005332988006895591,0.0004770138338358153,0.0018840810913068292
157,2c9180845aba7d30015acdc5b2610547,0.9857264036934277,0.00015362204804107612,0.0018644592835756224,0.012255514974955462
158,2c91808e5aba7da4015acd4cd57958a5,0.9922692106426193,0.00020158900836068986,0.0019006053387930954,0.005628595010227434
159,2c91808e5b853b1a015b8b770bcf4c3b,0.9957823015120789,0.0006809353557082466,0.0005075238536519871,0.0030292392785625302
160,2c91808e5aba7da4015acd5a43015971,0.0064197434545947025,0.01598621512316004,0.3495436710361603,0.6280503703860846
161,2c91808e5aba7da4015acd5a43015973,0.9928456168705937,0.00037870026419973966,0.0014560825433579247,0.005319600321849829
162,2c91808d5aba7da4015acdd3fa8963b2,0.32855711626723333,0.0,0.0097633535240647,0.6616795302087028
163,2c91809e5aba7d25015acde7c2c62b7f,0.9976407223626601,0.0007553874035693074,0.0004101333801226004,0.0011937568536499186
164,2c9180ad5b853aa1015b8b88d370551e,0.005572193748804656,0.009254029199359724,0.9848174696757961,0.0003563073760399893
165,2c9180935b853a2d015b8b6f39a04e0e,0.00016324823151905009,0.0013212678023558763,0.9983157361233522,0.00019974784277307446
166,2c91808e5aba7da4015acd546633590d,0.9978690565167144,0.0005541724629110121,0.0004031896669704192,0.0011735813534054476
167,2c91808d5aba7da4015acdd3fa8963b7,0.00030536108010948245,0.004193392206492481,0.9945512486620957,0.0009499980513036599
168,2c91808e5b853b1a015b8ba12a9c4e66,0.9978690565167144,0.0005541724629110121,0.0004031896669704192,0.0011735813534054476
169,2c9180935b853a2d015b9251f48f23e3,0.9931412453541134,0.00020427736006759103,0.0019094754674069585,0.004745001818412252
170,2c9180ad5b853aa1015b8b730c72535e,0.995218355016264,0.00028648494358959404,0.0011662962462533875,0.0033288637938941865
171,2c91808e5aba7da4015acd5a62bc5988,0.9958763631319323,0.0006511092243856306,0.0005015995581870222,0.0029709280854963663
172,2c9180a35b853b13015b8b58df1a5059,0.983263042134797,0.00030014250622395976,0.0028871693076736034,0.013549646051306773
173,2c9180845aba7d30015acd5c653c00d8,0.9946296985791077,0.0002636247858428562,0.001740570302849397,0.0033661063322004293
174,2c9180ad5b853aa1015b8b6d289f52d5,0.9873973497636356,0.00015537716199185138,0.002092655241729012,0.010354617832643374
175,2c9180845aba7d30015acd4d2ca00037,0.00021898096924386856,0.005032345838839354,0.9944002466971752,0.00034842649474241684
176,2c9180ad5b853aa1015b8b61066151f5,0.0053938180475202125,0.004917063376657263,0.9895431428778445,0.00014597569797728522
177,2c9180a35b853b13015b8bdae78b5875,0.9975881497501256,0.0006122387244748662,0.000426353884645941,0.001373257640755741
178,2c91808d5aba7da4015acdae944f616e,0.9975881497501256,0.0006122387244748662,0.000426353884645941,0.001373257640755741
179,2c91809e5aba7d25015acdb99fff27ce,0.005258084438167381,0.01246879559770173,0.981888523269588,0.0003845966945429394
180,2c91809e5aba7d25015acd722bec2179,0.005183887822074374,0.005666836594564514,0.9889693381664614,0.00017993741689973004
181,2c9180935b853a2d015b8b9a210c514a,0.9942727757858465,0.00041636068213475586,0.0014865289273210303,0.0038243346046984115
182,2c91808e5b853b1a015b8b9c5cfb4e2f,0.9977771041412141,0.000555576507602126,0.0004225207200429795,0.0012447986311422113
183,2c91808e5b853b1a015b8b9c5cfb4e29,0.0053363373431791665,0.00758444038931705,0.9868291316423895,0.0002500906251144073
184,2c91808e5aba7da4015acd68cea25a0e,0.00018041881098911943,0.0036031858437397314,0.9958970563290012,0.00031933901627094946
185,2c91809659f86230015a08ad579a6bd9,0.9977216430661853,0.0005786163396609995,0.00041017860848677787,0.001289561985668496
186,2c91809659f86230015a085af3516476,0.996860866706002,0.0005019564520275227,0.00044574603833661704,0.0021914308036349722
187,2c91809659f86230015a08d006806f3c,0.0002021949010116042,0.0020955153888656893,0.9974737922011662,0.0002284975089575547
188,2c91809659f86230015a0853b4356382,0.9979021085960403,0.0005475914341666449,0.0004060528981549847,0.0011442470716393031
189,2c91809659f86230015a09b5d5e012b1,0.4993054005872357,0.452914000390356,0.04725054723804284,0.000530051784365801
190,2c91809659f86230015a09b5d5e012ac,0.00023575172959592317,0.002627217238197152,0.9968514822842232,0.0002855487479855283
191,2c91809659f86230015a08913d696916,0.9969709330240467,0.00034962048437054793,0.0009524787789076308,0.0017269677126763594
192,2c91809659f86230015a091d86587829,0.9974918002385416,0.0006075141851100322,0.0004404919232456521,0.001460193653104692
193,2c91808e5aba7da4015acdea7a2b61a5,0.007065206707542886,0.004202937974108317,0.9886053570011953,0.00012649831715294308
194,2c91809e5aba7d25015acd7eaf23224a,0.9867332880660171,0.0012823388300036603,0.0005984285822979468,0.01138594452168253
195,2c91808d5aba7da4015acd9bc1406042,0.0056979129975784255,0.013625151631928295,0.9802171356130716,0.0004597997574213373
196,2c9180935b853a2d015b8b5ac4b74c9c,0.00021499269742651279,0.0029232764633608825,0.9967018423779715,0.00015988846124258797
197,2c91809e5aba7d25015acd75ac2f21b6,0.00540674179449054,0.005083277774507479,0.9893673466891046,0.00014263374189665932
198,2c91808d5aba7da4015acd99124c6005,0.9963959748127503,0.0015668261452120287,0.00041780179118574353,0.001619397250853529
199,2c91808e5aba7da4015acddda7fe607c,0.005770118155048749,0.0044476158173357375,0.9896494199993869,0.0001328460282282007
200,2c91809e5aba7d25015acda9589c265e,0.30181132572755787,0.0,0.008598956878054136,0.6895897173943883
201,2c91808e5aba7da4015acdaf08755d6d,0.9972069571332352,0.000582162819004714,0.0004945332170552618,0.0017163468307061355
202,2c91808e5aba7da4015acdaf08755d6c,0.0001898894963072781,0.00504633884287856,0.9944769813498249,0.00028679031099032386
203,2c91808e5aba7da4015acdaf08755d6a,0.0002058827279863954,0.0022708453658958428,0.9972207588377785,0.0003025130683393967
204,2c91809e5aba7d25015acd81b03022af,0.9972109241612437,0.00036209193041181783,0.00085717931739923,0.0015698045909462337
205,2c91808d5aba7da4015acdcabe7a6325,0.9970824561789531,0.0003511994233089245,0.0009052735875602095,0.0016610708101791635
206,2c91808d5aba7da4015acdcabe7a632a,0.00021561930581099592,0.005791838392033846,0.9936484896486424,0.0003440526535135468
207,2c91809e5aba7d25015acdc38c432900,0.00016511885729852846,0.0015929280701970337,0.997992518561529,0.00024943451097548977
208,2c91809e5aba7d25015acdc38c4328fb,0.9866573382364064,0.0005204977326147143,0.009710265735597618,0.0031118982953817465
209,2c91809e5aba7d25015acdc38c4328f4,0.9152606244367799,0.0027544668235692142,0.005958740538200858,0.07602616820145044
210,2c9180845aba7d30015acdb5b8cc0441,0.004925691597744134,0.006842642080878579,0.9880061776191381,0.00022548870223968945
211,2c91809e5aba7d25015acdc892a9292e,0.9971116876723689,0.00048071005265401626,0.0003292310710643105,0.0020783712039129662
212,2c91808d5aba7da4015acdc2b30e6266,0.9954915417971115,0.0003461798662815771,0.0013931375983856095,0.002769140738222058
213,2c9180845aba7d30015acdd72cb405ec,0.9921418575594919,0.0004469439412736878,0.0024310727557023165,0.004980125743534668
214,2c9180845aba7d30015acdae1b9903d2,0.005203355318478519,0.00498612246952812,0.9896534429405458,0.0001570792714471777
215,2c9180935b853a2d015b8b7d5aa84ec6,0.9960526405672891,0.0022385252828792846,0.0004324299055013724,0.001276404244332062
216,2c91808d5aba7da4015acdc65a906300,0.006109345414192785,0.004376701626495615,0.9893834933706201,0.00013045958869102375
217,2c91808d5aba7da4015acdc65a9062ff,0.9971373170211797,0.00035457161053891926,0.0008747812527626397,0.0016333301155198377
218,2c9180935b853a2d015b8b7d5aa84ec9,0.007888097735559879,0.0037727635654026983,0.9882380450489429,0.00010109365009374223
219,2c9180935b853a2d015b8b7d5aa84ec8,0.9977869916216499,0.0006469535570994458,0.0004054212546610484,0.0011606335665911578
220,2c91808d5aba7da4015acdcabe7a6330,0.00017409715800569537,0.0020607932088667637,0.9975168991243879,0.0002482105087399702
221,2c91808d5aba7da4015acddb8bfb646b,0.9942596918092026,0.0002539613154019323,0.0017495300878907704,0.0037368167875050005
222,2c91808d5aba7da4015acdcabe7a6335,0.9970360509619015,0.0003970847524927911,0.0008892959529782816,0.001677568332628313
223,2c91808d5aba7da4015acddb8bfb6461,0.00015638814321706368,0.0012862471303423315,0.9983801710737314,0.00017719365270982932
224,2c91809e5aba7d25015acdd6c89f2a6b,0.00017552725696947318,0.003682453306622135,0.9958627365494885,0.0002792828869209459
225,2c9180975a056a64015a1e296a08742a,0.007184665455915867,0.004201257973810811,0.9885070871932196,0.00010698937705294417
226,2c91809a59f17e5d015a21a48da730b9,0.00702589603720239,0.013906080186085079,0.9789671724721255,0.00010085130458758043
227,2c91809a59f17e5d015a21a48da730bb,0.9967346516710192,0.0003446925837777455,0.0009888306622763622,0.0019318250829281403
228,2c9180975a056a64015a1e556ce479e9,0.00018263285230147994,0.0016901714421000116,0.9978503536387969,0.0002768420668014375
229,2c9180975a056a64015a1e52ab4679be,0.9979031112994583,0.0003952484664159908,0.00011528560695348894,0.0015863546271718178
230,2c91809a59f17e5d015a21a7937830fe,0.00017472731584523317,0.0015792234382685936,0.9980218102779967,0.00022423896788942933
231,2c9180975a056a64015a1e58ec867ab9,0.0002287374797901124,0.002632535606650291,0.9968592124079624,0.0002795145055982086
232,2c9180975a056a64015a1e58ec867abc,0.9964722039717365,0.00048728646568040046,0.000431396026140127,0.0026091135364437225
233,2c91809a59f17e5d015a21bed0cb3545,0.9961495700662261,0.0003885626947439765,0.0015084366424866953,0.0019534305965437353
234,2c9180975a056a64015a22a3fb7e1824,0.9809160062319086,0.0003087167055792828,0.016447110594115775,0.0023281664683978496
235,2c9180975a056a64015a22a3fb7f1827,0.0054936119553877965,0.01092614960501768,0.983138482860364,0.0004417555792310061
236,2c91809659f86230015a08f6a520737e,0.997122233068533,0.0003664290668487327,0.0009107978389713849,0.001600540025647731
237,2c91809659f86230015a08f6a5207380,0.006545591216832035,0.007107941698352464,0.9861910518945045,0.00015541519031037312
238,2c91809659f86230015a08913d696913,0.9966386901097004,0.0005179308876649864,0.00044674839682626034,0.0023966306058096575
239,2c91809659f86230015a08913d696914,0.00017482158039826162,0.0013090109194450468,0.9983178181253699,0.00019834937478697734
240,2c91808e5aba7da4015acdd3b8075fac,0.00015638814321706368,0.0011153116747051565,0.998553214995137,0.00017508518694078938
241,2c9180935b853a2d015b8bc9ea265438,0.9978142597810842,0.0005916369420063617,0.00041576322866025987,0.001178340048251058
242,2c9180935b853a2d015b8bc9ea265436,0.9975458875324253,0.0006377867615078559,0.00041360486985825854,0.0014027208362095433
243,2c91808e5aba7da4015acd84a62d5b30,0.9975458875324253,0.0006377867615078559,0.00041360486985825854,0.0014027208362095433
244,2c91809e5aba7d25015acda942fe264b,0.006830955283488716,0.004327397143943866,0.9887327209183971,0.00010892665416956396
245,2c9180935b853a2d015b8bc253ad53f3,0.9977391194052811,0.0005754110143889965,0.0004036022649021666,0.0012818673154290664
246,2c91809e5aba7d25015acd9fd7e12580,0.9977391194052811,0.0005754110143889965,0.0004036022649021666,0.0012818673154290664
247,2c91808e5aba7da4015acd68cea25a0c,0.006636718770300746,0.01378137504261479,0.97922751894125,0.0003543872458341035
248,2c91808e5b853b1a015b8b9c5cfb4e31,0.006636718770300746,0.01378137504261479,0.97922751894125,0.0003543872458341035
249,2c9180845aba7d30015acdb98289047e,0.9970536618154979,0.00048755243051120463,0.0003466514379386489,0.0021121343160527247
250,2c9180ad5b853aa1015b8bb71bbc57ed,0.9970536618154979,0.00048755243051120463,0.0003466514379386489,0.0021121343160527247
251,2c9180ad5b853aa1015b8bb71bbc57ef,0.9969220300471593,0.000795118168051884,0.0004142855508172134,0.0018685662339737652
252,2c9180845aba7d30015acdb98289047f,0.9969220300471593,0.000795118168051884,0.0004142855508172134,0.0018685662339737652
253,2c91808e5aba7da4015acdd3964e5faa,0.9970221358012598,0.0004153969043729968,0.0002742243418151514,0.00228824295255216
254,2c91808e5ba960a0015bab2cbc9615a1,0.997361342234586,0.000714247869856329,0.00041643825652047564,0.0015079716390385305
255,2c91809e5aba7d25015acda24fb625a1,0.997361342234586,0.000714247869856329,0.00041643825652047564,0.0015079716390385305
256,2c91809e5aba7d25015acdd6812d2a60,0.9874174601735363,0.0006083369292060039,0.0004569550514504377,0.011517247845807826
257,2c91808e5aba7da4015acddfd49560bb,0.45383117887565294,0.014239312808957415,0.5302370484768013,0.0016924598385878334
258,2c91808d5aba7da4015acde809146502,0.00023390496376153518,0.003466067587488384,0.9958633646161966,0.00043666283255383066
259,2c91808e5aba7da4015acdad718f5d4d,0.00020761599045671808,0.005471290453410719,0.9940194142117489,0.0003016793443837687
260,2c9180a55ba961a6015bab327ca31455,0.00020761599045671808,0.005471290453410719,0.9940194142117489,0.0003016793443837687
261,2c91808d5aba7da4015acde809146505,0.9978268099637144,0.0005868954266831436,0.00041520527563538646,0.001171089333968763
262,2c91808e5b853b1a015b8b60d8374a04,0.0004902665029718976,0.003518696885930972,0.9947568785739729,0.0012341580371244489
263,2c91808e5aba7da4015acdbd98a75ea6,0.9978121631495077,0.0006421656251735057,0.00040574983526222474,0.0011399213900584492
264,2c91808e5aba7da4015acdbd98a75ea3,0.99758220202299,0.0006146280702086765,0.00041422037931317465,0.001388949527490384
265,2c9180ad5b853aa1015b8be26d245a4f,0.99758220202299,0.0006146280702086765,0.00041422037931317465,0.001388949527490384
266,2c91809e5aba7d25015acd8b68112390,0.997231613262135,0.00039606906105671234,0.0002039400655023901,0.0021683776113057313
267,2c9180ad5b853aa1015b8b8fdfc95597,0.9978715324748325,0.0005820502853789077,0.0004042483638223213,0.001142168875967455
268,2c9180845aba7d30015acd9f1bc4032c,0.9983295011112125,0.0006167448538498616,2.47789353501208e-05,0.0010289750995879246
269,2c9180a35b853b13015b8bde0f0058ad,0.9924393435973566,0.0001674413459190641,0.0023528511046505113,0.005040363952073496
270,2c9180a35b853b13015b8bde0f0058a0,0.005141548885777854,0.005091680034326687,0.9896096918084479,0.0001570792714471777
271,2c9180845aba7d30015acd9f1bc3031f,0.005141548885777854,0.005091680034326687,0.9896096918084479,0.0001570792714471777
272,2c9180a35b853b13015b8bde0f00589c,0.9955936902078771,0.0003013139335229323,0.0011161315069294715,0.0029888643516717446
273,2c91809e5aba7d25015acd9fba2f256a,0.9968174837235574,0.0005170320901659577,0.00046218369465156513,0.0022033004916264406
274,2c91809e5aba7d25015acda942fe2641,0.00016793879773298193,0.001502239723859611,0.9980918952249681,0.00023792625343944796
275,2c91808e5aba7da4015acdd6a31a5ffd,0.9967952060876222,0.0005330037157761906,0.000491258708492461,0.0021805314881102283
276,2c91808d5aba7da4015acdaab72c613b,0.0007652807566590358,0.003981990167223319,0.9918675523191895,0.003385176756929078
277,2c91809e5aba7d25015acdb99fff27d4,0.9976912283869575,0.0007218234085883161,0.0004112110039519005,0.0011757372005041758
278,2c9180ad5b853aa1015b8be0a8835a19,0.004397046142157861,0.06234369625488711,0.4492946917202062,0.4839645658827483
279,2c9180ad5b853aa1015b8be0a8835a1b,0.9976912283869575,0.0007218234085883161,0.0004112110039519005,0.0011757372005041758
280,2c91809e5aba7d25015acdbd77cd2837,0.9976698552299528,0.0006921968726346413,0.0004117685653199817,0.0012261793320943284
281,2c9180935b853a2d015b8bdbb7ab554d,0.9970894776691736,0.0003668977809561998,0.0009078317126022476,0.0016357928372692167
282,2c91808d5aba7da4015acd9badff601e,0.9970894776691736,0.0003668977809561998,0.0009078317126022476,0.0016357928372692167
283,2c91808d5aba7da4015acd9badff6027,0.9977917158071015,0.0005854686838761543,0.00043037717958710985,0.0011924383294371085
284,2c91809e5aba7d25015acda5dd0e25fc,0.997017782380518,0.0006060915654507628,0.0004982808447991721,0.0018778452092336872
285,2c91808d5aba7da4015acdbd583c6211,0.00016867044533631177,0.0013516677801540217,0.9982677839072538,0.0002118778672559384
286,2c91809e5aba7d25015acdcf32e229ce,0.9969156025127806,0.0005553711641708725,0.00042488176695765277,0.0021041445560922236
287,2c91809e5aba7d25015acda24fb625a5,0.00022854774260256362,0.0017651415449370675,0.9976739218615017,0.00033238885095876984
288,2c91808e5aba7da4015acda316005ccb,0.00028926865922283335,0.0032198955537147095,0.9960188894850489,0.0004719463020148876
289,2c9180a35b853b13015b8b693dc750fd,0.9919898585731791,0.0007260094205290739,0.0004672557214584724,0.0068168762848340595
290,2c9180a35b853b13015b8b5e45a9509a,0.9959203025286801,0.0006007931110759968,0.0005236346589143001,0.0029552697013309945
291,2c9180a35b853b13015b8b693dc750fa,0.0001621391276176685,0.0013560966024540946,0.9982732565515511,0.0002085077183773705
292,2c9180845aba7d30015acd98bc0902d3,0.00018256960276553415,0.00262602260586942,0.9969580569532908,0.00023335083807529938
293,2c91808e5aba7da4015acdd6162f5fd9,0.007586196589329422,0.004374434262083933,0.987928526559668,0.00011084258891779292
294,2c9180a35b853b13015b8b63c4a450c9,0.997476405251886,0.0007169261411399923,0.00041850808552962304,0.001388160521446423
295,2c91808e5aba7da4015acdd6162f5fd4,0.9972279374288523,0.0003686006232627387,0.0008533799947446905,0.0015500819531411125
296,2c91809e5aba7d25015acdd1504a2a00,0.00015638814321706368,0.0012404239411531372,0.9984244353652924,0.00017875255033800955
297,2c91809e5aba7d25015acd98fc6924d5,0.9937002932567139,0.00021179588916260075,0.0019265545260393768,0.004161356328083513
298,2c91808e5ba96106015bab2f8b6513fd,0.9976690110529822,0.0007669903843557759,0.00040376575909706634,0.001160232803566897
299,2c91808d5aba7da4015acd910b405f80,0.008977160002292733,0.00456774688675518,0.9863422514344042,0.00011284167654728723
300,2c91808d5aba7da4015acde809146509,0.9878020640261258,0.00020869696963566253,0.0019807843778582588,0.010008454626380121
301,2c91808e5aba7da4015acdad718f5d4a,0.9944678998852094,0.0004203366354015916,0.0014095453405867679,0.0037022181388031107
302,2c91808d5aba7da4015acde80914650a,0.0003328815295549327,0.007239667671562993,0.9921226327297802,0.0003048180691030373
303,2c9180a55ba961a6015bab327ca31452,0.9944678998852094,0.0004203366354015916,0.0014095453405867679,0.0037022181388031107
304,2c91808d5aba7da4015acde80914650f,0.00015621860259707243,0.0011494946105040699,0.998521022620968,0.00017326416593142885
305,2c9180a55ba961a6015bab327ca3144a,0.010809682875796901,0.004091491543370651,0.9849916292569186,0.0001071963239136072
306,2c91809e5aba7d25015acd8793a8231f,0.9824038120666785,0.00046261912407018045,0.0020834140155811757,0.015050154793671151
307,2c91809e5ba96014015bab30da41167f,0.997018338215044,0.0006367276340364832,0.0004968889460531448,0.0018480452048681207
308,2c91808e5aba7da4015acda316015ccf,0.9929847219386206,0.0024319570485295833,0.0005163189088698281,0.004067002103982139
309,2c91809e5ba96014015bab358c131729,0.9891410217569852,0.00024027026901699648,0.004210807892334456,0.006407900081664598
310,2c91808e5aba7da4015acd97fac15c26,0.9975963203529352,0.0005771022839311246,0.0004244012443259698,0.0014021761188094375
311,2c91808e5ba96106015bab6991a51c67,0.00015638984483255097,0.0015441092333778436,0.9980897915952295,0.00020970932656049258
312,2c91809e5aba7d25015acd8793a82321,0.00019550685608672695,0.0009495217564226233,0.9987129647021336,0.00014200668535734943
313,2c9180a55ba961a6015bab3c70561657,0.007286637695572876,0.008185945936949173,0.984396631271304,0.00013078509617416514
314,2c91809e5aba7d25015acdb6308c27a8,0.9966486357473799,0.00037828805105900404,0.0010380667308059045,0.0019350094707563678
315,2c91808e5b853b1a015b8bf3079752d9,0.9966486357473799,0.00037828805105900404,0.0010380667308059045,0.0019350094707563678
316,2c91808e5aba7da4015acda32f655cd5,0.9977529346265512,0.0005116695703521025,6.769156403752811e-05,0.0016677042390597437
317,2c9180ad5b853aa1015b8bc7076158f2,0.996954832419164,0.0005705746243060498,0.00046054008482719546,0.0020140528717042094
318,2c91808e5aba7da4015acda32f655cdd,0.996954832419164,0.0005705746243060498,0.00046054008482719546,0.0020140528717042094
319,2c9180845aba7d30015acdbc74bd04a8,0.9977282833685083,0.0007246372314175228,0.00040339557357505434,0.0011436838265010585
320,2c91808e5b853b1a015b8bd7f40551be,0.9660751874527023,0.0004972134243986041,0.00522421838191781,0.028203380740982192
321,2c9180a35b853b13015b922b89b32285,0.9952034244737619,0.00028688178937638317,0.0011665046316830783,0.0033431891051798144
322,2c91808e5ba960a0015bab26ba0b1474,0.9832200122176664,0.0003183101873116139,0.0037918526868501406,0.012669824908173036
323,2c91809e5aba7d25015acd9b56c324e8,0.9832200122176664,0.0003183101873116139,0.0037918526868501406,0.012669824908173036
324,2c9180935b853a2d015b8b8324be4f28,0.00026308789158738786,0.004046047834152575,0.9952844137412868,0.0004064505329737514
325,2c9180935b853a2d015b8b8324be4f34,0.00018279842735048976,0.0032565249175982415,0.9962482103464094,0.00031246630864297567
326,2c9180845aba7d30015acdbc74bd04bf,0.9969456834531131,0.0004774053990976218,0.0004202036288376005,0.002156707518952973
327,2c9180a35b853b13015b8b74460751fa,0.99659845493302,0.0005292932554120164,0.0004346502219145356,0.002437601589654118
328,2c9180ad5b853aa1015b8be26d245a45,0.05900243243578297,0.0006335998539178173,0.7275370835386562,0.21282688417164222
329,2c91808e5aba7da4015acdbd98a75ebb,0.9978521904082291,0.0005516118105717638,0.00040386905406355995,0.0011923287271367196
